 1      SOYB   1    25.0    10.0      .0   120.0
 2      CORN   1    25.0     8.0      .0   110.0
 3      GRSG   1    27.5    10.0      .0   110.0
 4      COTS   1    27.5    12.5      .0   180.0
 5      COTP   1    27.5    12.5      .0   180.0
 6      PNUT   1    25.0     9.0      .0   110.0
 7      SUNF   1    25.0     6.0      .0   110.0
 8      CSUN   1    25.0     6.0      .0   110.0
 9      FALW   1   125.0   100.0      .0      .0
10      WWHT   2    15.0      .0      .0   115.0
11      SWHT   2    20.0     5.0      .0   115.0
12      CSWH   2    15.0      .0      .0   115.0
13      DWHT   2    15.0      .0      .0   115.0
14      BARL   2    15.0      .0      .0   115.0
15      CBAR   2    15.0      .0      .0   115.0
16      OATS   2    15.0      .0      .0   105.0
17      COAT   2    15.0      .0      .0   105.0
18      RICE   1    25.0    10.0      .0   180.0
19      RYE    2    12.5      .0      .0    90.0
20      WPEA   2    14.0     1.0      .0    80.0
21      LENW   1    14.0     1.0      .0    85.0
22      LENT   2    14.0     1.0      .0    85.0
23      CANA   1    21.0     5.0      .0   100.0
24      CANP   1    21.0     5.0      .0   100.0
25      FLAX   2    22.5     5.0      .0   110.0
26      FPEA   2    15.0     1.0      .0   100.0
27      MUNG   1    25.0    10.0      .0   110.0
28      SESB   1    25.0    10.0      .0    90.0
29      CSIL   1    25.0     8.0      .0   110.0
30      SGHY   1    27.5    10.0      .0    90.0
31      ALFA   1    25.0     1.0      .0    90.0
32      CLVA   2    25.0     1.0      .0   100.0
33      CLVR   2    25.0     1.0      .0   100.0
34      CLVS   2    25.0     1.0      .0   100.0
35      TIMO   1    25.0     8.0      .0   100.0
36      RNGE   1    25.0     8.0      .0   100.0
37      SPAS   1    25.0     8.0      .0   100.0
38      WPAS   1    18.0     3.0      .0   100.0
39      RYEA   1    15.0      .0      .0    90.0
40      RYER   1    15.0      .0      .0   100.0
41      RYEG   2    18.0      .0      .0   100.0
42      WWGR   1    25.0     8.0      .0   100.0
43      NWGR   1    25.0     8.0      .0   100.0
44      SWGR   1    25.0     8.0      .0   100.0
45      CWGR   1    25.0     8.0      .0   100.0
46      BROM   1    25.0     6.0      .0   100.0
47      BROS   1    25.0     8.0      .0   100.0
48      CWPS   1    15.0      .0      .0   100.0
49      BERM   1    27.5    12.0      .0   100.0
50      POTA   2    17.0     7.0      .0   115.0
51      ASPR   1    35.0    10.0      .0   800.0   
52      BROC   1    24.0     4.0      .0   100.0
53      CABG   1    24.0     4.0      .0    90.0
54      CAUF   1    24.0     7.0      .0   100.0
55      CELR   1    24.0     7.0      .0   110.0
56      LETT   2    18.2      .0      .0    80.0
57      OLET   2    18.2      .0      .0    45.0
58      SPIN   1    24.0     4.0      .0    45.0
59      CRRT   1    24.0     7.0      .0   135.0
60      ONIO   1    29.0     7.0      .0   150.0
61      SGBT   1    22.0     4.0      .0    60.0
62      GRBN   1    27.0    10.0      .0    55.0
63      LIMA   1    27.0    10.0      .0    75.0
64      PEAS   1    27.0    10.0      .0    70.0
65      CUCM   2    32.0    16.0      .0    60.0
66      EGGP   2    35.0    18.0      .0    95.0
67      CANT   2    32.0    16.0      .0    85.0
68      HMEL   2    32.0    16.0      .0    85.0
69      WMEL   2    32.0    16.0      .0    90.0
70      PEPR   1    27.0    12.0      .0   140.0
71      STRW   1    32.0    10.0      .0   400.0   
72      TOMA   1    27.0    10.0      .0   100.0
73      SPOT   1    29.0    14.0      .0   125.0
74      SCRN   1    35.0     8.0      .0   110.0
75      TOBC   1    25.0     8.0      .0   150.0   
76      SUGC   1    25.0    11.0      .0   450.0
77      FESC   1    15.0      .0      .0   100.0
78      PMIL   1    30.0    10.0      .0   110.0
79      PINE   1    20.0     2.0      .0  1000.0
80      MESQ   1    30.0    10.0      .0  1000.0
81      APPL   1    22.0     6.0      .0  1700.0
82      POPL   1    30.0    10.0      .0  1000.0
83      BLOC   1    30.0    10.0      .0  1000.0
84      SWCH   1    25.0    10.0      .0   100.0
85      DRYB   1    27.0    10.0      .0   120.0
86      FABN   1    21.0     7.0      .0   150.0
87      SOGR   1    25.0     8.0      .0   100.0
88      BBGR   1    25.0     8.0      .0   100.0
89      EGGR   1    25.0     8.0      .0   100.0
90      JHGR   1    30.0    11.0      .0   100.0
91      GTFX   1    25.0    10.0      .0   100.0
92      COCB   1    25.0    10.0      .0   100.0
93      VELV   1    25.0     4.0      .0   100.0
94      GRFX   1    25.0    10.0      .0   100.0
95      CEAT   1    25.0     6.0      .0   100.0
96      LBST   1    25.0    12.0      .0   100.0
97      GRMA   1    25.0    12.0      .0   100.0
98      BUFF   1    25.0    12.0      .0   100.0
99      SGUM   1    25.0     5.0      .0   100.0                            
100     CASS   1    27.5    12.0      .0   270.0   
101     COWP   1    25.0    12.0      .0   100.0
102     CHKP   1    22.5    10.0      .0   100.0
103     BAHG   1    25.0     8.0      .0   100.0
104     BUWH   1    25.0     5.0      .0    85.0
105     PRMI   1    30.0    10.0      .0   110.0
106     SEBK   1    25.0     5.0      .0  1600.0
107     POAN   2    18.0      .0      .0   100.0
108     GRAP   1    30.0    10.0      .0  1000.0
109     PTOM   1    27.0    10.0      .0   100.0
110     BRSH   1    30.0    10.0      .0   100.0
111     LESP   1    25.0     1.0      .0   100.0
112     ORCH   1    15.0      .0      .0   100.0
113     LOVE   1    15.0      .0      .0   100.0
114     ASH    1    30.0    10.0      .0  1000.0
115     OAK    1    30.0    10.0      .0  1000.0
116     SHBG   1    24.0     4.0      .0   100.0
117     KNAF   1    27.5    12.5      .0   100.0
118     INDI   1    25.0    12.0      .0   100.0
119     COFF   1    30.0    10.0      .0   270.0   
120     MISC   1    25.0     8.0      .0   800.0
121     PAVE   1    15.0      .0      .0      .0
122     ORCD   1    22.0     6.0      .0  1200.0
123     PAST   1    25.0     8.0      .0   100.0
124     AGRL   1    25.0     8.0      .0   120.0
125     AGRR   1    25.0     8.0      .0   120.0
126     RNGB   1    30.0    10.0      .0   120.0
127     FRSD   1    30.0    10.0      .0  1000.0
128     FRSE   1    20.0     2.0      .0  1000.0
129     WETL   1    30.0    10.0      .0  1000.0
130     WETN   1    25.0    10.0      .0   200.0
131     SWRN   1    25.0     8.0      .0   120.0
132     HAY    1    27.5    10.0      .0   120.0
133     FRST   1    25.0     5.0      .0  1200.0
134     WETF   1    25.0     5.0      .0  1000.0
135     AGRC   2    15.0      .0      .0   100.0
136     BLUG   1    25.0    12.0      .0   100.0
137     APRT   1    22.0     6.0      .0  1400.0
138     APTR   1    22.0     6.0      .0  1400.0
139     CHRY   1    22.0     6.0      .0  1100.0
140     NECT   1    22.0     6.0      .0  1400.0
141     PECH   1    22.0     6.0      .0  1400.0
142     PEAR   1    22.0     6.0      .0  1400.0
143     PLUM   1    22.0     6.0      .0  1400.0   
144     NETS   1    20.0     2.0      .0   120.0
145     NESS   1    20.0     2.0      .0   120.0
146     SQSH   2    32.0    16.0      .0    55.0
147     ZUCK   2    32.0    16.0      .0    55.0
148     TOMT   1    27.0    10.0      .0    90.0
149     TRIT   2    15.0      .0      .0   120.0
150     RADI   1    24.0     7.0      .0    30.0
151     BLBR   1    32.0     7.0      .0   450.0
152     PINE   1    20.0     2.0      .0  1000.0
168     BANA   2    30.0    10.0      .0   375.0 
199     PLAN   2    30.0    10.0      .0   375.0
212     FRSG   1    25.0     8.0      .0  1000.0
300     ROAD   1    27.5    12.0      .0   100.0
367     MIXD   1    27.5    12.0      .0   100.0
     
                                      
